6*800

a <- 300
a*89

b <- c(343,578,78,43)
b/4

