#Question 3 & 4 for Activity #1

3*600

#name my number
a <- 100
5*a

#make a vector of numbers
b <- c(100,30,200)
b/3
